label		FOS_length	FOS_length	stem_distance	stem_distance	entrance_angle_wl	entrance_angle_wl	WL_starttan_gradient	WL_starttan_gradient
set		trainingset	testset	trainingset	testset	trainingset	testset	trainingset	testset
error	metric								
MAE	mean	0.4053659009933472	0.4495283877849579	0.3090496873855591	0.35874802589416505	1.8051993131637574	2.4058031940460207	3.2010549831390382	10.032605628967286
MAE	std	0.05971494723173851	0.07261395837482233	0.07963804112471982	0.1764282338178917	0.32494266501163177	1.0705940187377438	1.057976842390011	1.6337624660402206
MAE	stdError	0.026705336256596036	0.03247394940828858	0.035615214709959465	0.0789011047934066	0.14531877755119021	0.4787842004404557	0.47314162764092915	0.730640786630725
MSE	mean	0.2701898342370987	0.3374573677778244	0.16572057634592052	0.29114028096199035	5.624823198318482	13.962302970886231	19.9479727935791	279.6792327880859
MSE	std	0.0826087122442725	0.121803649705925	0.11721619101916385	0.5732999613186746	2.511300510950965	21.2520554347026	12.235339398625808	103.4971902822007
MSE	stdError	0.036943739222382505	0.05447224813000411	0.05242067423649014	0.2563875370013112	1.1230877308832625	9.504208122717772	5.47181012462174	46.28535059024628
MAPE	mean	0.8537156176567078	0.946133394241333	4.369656867980957	4.985718488693237	2.862179231643677	3.7568361949920654	5.293220720291138	16.910839500427247
MAPE	std	0.1252553391037938	0.15194248250545975	1.0505521777739883	2.2981804783757642	0.4968138098979285	1.651430709150117	1.754380718157672	2.6295545482025733
MAPE	stdError	0.0560158905561741	0.06795074391045611	0.4698212166826163	1.0277775548422388	0.2221818902184852	0.7385422651580691	0.7845829088430908	1.1759725440649402
RMSE	mean	0.5145157647132873	0.5388569748401641	0.394334077835083	0.4273560631275177	2.331077208518982	2.7865238857269286	4.287017526626587	11.01246639251709
RMSE	std	0.07391451078283916	0.082036545875577	0.10109998015428812	0.18236023148147384	0.4369233171883924	1.0932061439619196	1.2527780434728468	1.6018920264317886
RMSE	stdError	0.03305557412681391	0.036687858643414034	0.04521328562977358	0.08155397479703454	0.19539804763758953	0.4888966502638547	0.5602593731848944	0.7163878927432739
R2	mean	0.9873860573768616	0.9861328101158142	0.9861370229721069	0.9819561457633972	0.9730749773979187	0.9571395373344421	0.9700022339820862	0.8134470319747925
R2	std	0.0038619759534056063	0.004552955114890524	0.009878367349225104	0.024953945167072535	0.012060937261158764	0.047386868646375646	0.018282087218572017	0.06081825470791116
R2	stdError	0.001727128151856899	0.0020361434270801154	0.004417740179916347	0.011159743540075307	0.005393815117662226	0.021192051906829875	0.008175997958261417	0.027198750359957193
LOSS	mean	0.0008179347007534799	0.010013188458979078	0.0008179347007534799	0.010013188458979078	0.0008179347007534799	0.010013188458979078	0.0008179347007534799	0.010013188458979078
LOSS	std	0.0003425545120335819	0.004542458200115696	0.0003425545120335819	0.004542458200115696	0.0003425545120335819	0.004542458200115696	0.0003425545120335819	0.004542458200115696
LOSS	stdError	0.00015319503498127177	0.0020314490640820078	0.00015319503498127177	0.0020314490640820078	0.00015319503498127177	0.0020314490640820078	0.00015319503498127177	0.0020314490640820078
