label		FOS_length	FOS_length	stem_distance	stem_distance	entrance_angle_wl	entrance_angle_wl	WL_starttan_gradient	WL_starttan_gradient
set		trainingset	testset	trainingset	testset	trainingset	testset	trainingset	testset
error	metric								
MAE	mean	0.34823652324469195	0.3748567013636879	0.2549256364936414	0.275386499321979	1.4836860480515852	1.7220072901767234	2.867725299752277	8.823041770769203
MAE	std	0.018265046806584126	0.02268272638303121	0.01748910961485201	0.017223667954671576	0.09615544744921532	0.1753305329909816	0.7112612298921467	1.3419652368288588
MAE	stdError	0.008168377254347511	0.010144023621497144	0.00782136759295085	0.0077026584737060816	0.04300202338067084	0.07841019805982088	0.3180856919597891	0.6001450985981865
MSE	mean	0.20028602882571842	0.23174198425334433	0.10933353525141007	0.12616899803928705	3.7048666062562363	5.293928809787916	15.917332939479662	227.55361474078634
MSE	std	0.018865672576507442	0.027457565296558524	0.01362351058627517	0.014994175575535992	0.4829045158080652	1.4023507133170159	8.397025565145418	79.46519799027901
MSE	stdError	0.008436985264464849	0.012279396499948806	0.006092619152619858	0.006705599170693102	0.2159614647976911	0.6271503046544334	3.7552639944937485	35.537916910348706
MAPE	mean	0.7343435157900271	0.7903539564298547	3.6360966329989224	3.8894131494605024	2.370502368263576	2.720251466916955	4.711226504781972	15.108666005341902
MAPE	std	0.03914482924537175	0.049168483239541226	0.24880270510365105	0.24413149001755013	0.14797250770393477	0.26451276840070953	1.2172121885924434	2.4775825320446456
MAPE	stdError	0.017506099832054603	0.02198881417483465	0.11126795231951951	0.10917892142551068	0.0661753172054219	0.11829370621212897	0.5443538393467995	1.1080085923035756
RMSE	mean	0.4470285021740457	0.46078273265258124	0.32999685147534247	0.3400587180386419	1.9209661431934522	2.0755988307621167	3.88930024271426	9.928946059683096
RMSE	std	0.021249505395664305	0.023402507848893212	0.020871286683473957	0.020682995555926925	0.12147242334876406	0.17994734466279141	0.8891996672554633	1.409918953743472
RMSE	stdError	0.00950306771059079	0.010465919678819519	0.00933392316042678	0.009249716808275731	0.054324119199893814	0.08047489900731711	0.39766218031068196	0.630534924667157
R2	mean	0.9906456936960635	0.9900642322457355	0.9908672234286433	0.9902991082357324	0.9822696291882059	0.9792367297670116	0.9760418767514436	0.8484988419905953
R2	std	0.0008900286772185714	0.0010046275580757832	0.0011202810897176646	0.0011664240158056921	0.0023234781342481707	0.0038220806045108913	0.012627848962707185	0.044736327049942154
R2	stdError	0.0003980329248369888	0.00044928310238541376	0.0005010049341032478	0.0005216406779859634	0.0010390910104826584	0.0017092864094339685	0.0056473457380426945	0.020006693669466655
LOSS	mean	0.0006046334114532521	0.007401008411998929	0.0006046334114532521	0.007401008411998929	0.0006046334114532521	0.007401008411998929	0.0006046334114532521	0.007401008411998929
LOSS	std	0.000151937286778551	0.002605968191211504	0.000151937286778551	0.002605968191211504	0.000151937286778551	0.002605968191211504	0.000151937286778551	0.002605968191211504
LOSS	stdError	6.794842031074402e-05	0.0011654244045502184	6.794842031074402e-05	0.0011654244045502184	6.794842031074402e-05	0.0011654244045502184	6.794842031074402e-05	0.0011654244045502184
