label			FOS_length	FOS_length	stem_distance	stem_distance	entrance_angle_wl	entrance_angle_wl	WL_starttan_gradient	WL_starttan_gradient
set			trainingset	testset	trainingset	testset	trainingset	testset	trainingset	testset
fold	pass	metric								
0	0	MAE	0.3857850730419159	0.4000019431114197	0.2817563116550445	0.2948477864265442	1.5751042366027832	1.679329514503479	4.57502031326294	6.979698181152344
0	0	MSE	0.2389339506626129	0.2561521530151367	0.1273557543754577	0.1393592357635498	4.148176670074463	4.809685707092285	33.90704345703125	115.58528137207033
0	0	MAPE	0.8159993886947632	0.8469792008399963	3.9933865070343018	4.14539098739624	2.5018627643585205	2.65697717666626	7.416271209716797	11.629613876342772
0	0	RMSE	0.4888086915016174	0.4958036243915558	0.3568693697452545	0.3635342419147491	2.036707162857056	2.1006619930267334	5.8229756355285645	8.159554481506348
0	0	R2	0.9888132810592652	0.9885260462760924	0.9894755482673644	0.9889543652534484	0.9802200794219972	0.978890895843506	0.9495127201080322	0.8997066617012024
0	0	LOSS	0.000936051888857	0.0036544995382428	0.000936051888857	0.0036544995382428	0.000936051888857	0.0036544995382428	0.000936051888857	0.0036544995382428
0	1	MAE	0.3639473021030426	0.4038033485412597	0.2580180764198303	0.2801713347434997	1.5353847742080688	1.7632951736450195	3.150150775909424	9.68957805633545
0	1	MSE	0.215542197227478	0.2629629969596863	0.1142302528023719	0.128509983420372	3.928257942199707	5.336397171020508	18.856761932373047	259.1520690917969
0	1	MAPE	0.7713553309440613	0.8549307584762573	3.774603128433228	4.069132328033447	2.446995973587036	2.7912888526916504	5.304108619689941	16.829572677612305
0	1	RMSE	0.46426522731781	0.4842628538608551	0.3379796743392944	0.3463266491889953	1.981983304023743	2.119319200515747	4.342437267303467	10.722633361816406
0	1	R2	0.9899084568023682	0.9890539646148682	0.9905602335929872	0.9899752736091614	0.9812687039375304	0.9785143136978148	0.9719224572181702	0.8268022537231445
0	1	LOSS	0.0006742528057657	0.0083388863131403	0.0006742528057657	0.0083388863131403	0.0006742528057657	0.0083388863131403	0.0006742528057657	0.0083388863131403
0	2	MAE	0.3546877205371856	0.3946662545204162	0.2481877505779266	0.2672897577285766	1.6686092615127563	2.306140184402466	2.41955041885376	12.976017951965332
0	2	MSE	0.2070654332637787	0.2510135769844055	0.1056762188673019	0.1186486706137657	4.619552135467529	10.233783721923828	13.112774848937988	476.45318603515625
0	2	MAPE	0.7466826438903809	0.8334792852401733	3.5254549980163574	3.748875379562378	2.683831214904785	3.579821825027466	4.082430362701416	21.99923324584961
0	2	RMSE	0.4550444185733795	0.4739669561386108	0.3250787854194641	0.3329642713069916	2.1493144035339355	2.620161294937134	3.621156454086304	14.087190628051758
0	2	R2	0.9903053641319276	0.9895144701004028	0.9912670850753784	0.9907339215278624	0.9779723882675172	0.9671592712402344	0.9804751873016356	0.7010573148727417
0	2	LOSS	0.000616701261606	0.0155940474942326	0.000616701261606	0.0155940474942326	0.000616701261606	0.0155940474942326	0.000616701261606	0.0155940474942326
0	3	MAE	0.3188037574291229	0.3374432325363159	0.2474307268857956	0.2605259120464325	1.4430930614471436	1.6432830095291138	2.5779294967651367	8.594921112060547
0	3	MSE	0.1744966953992843	0.1934047043323516	0.104898452758789	0.1150901913642883	3.4967498779296875	4.690163612365723	12.812767028808594	214.3243560791016
0	3	MAPE	0.6717520356178284	0.7105538249015808	3.4531917572021484	3.620718002319336	2.3235011100769043	2.6151065826416016	4.08670711517334	14.869800567626951
0	3	RMSE	0.4177280068397522	0.4266847372055053	0.3238803148269653	0.3301138281822204	1.869959831237793	1.993518352508545	3.5794925689697266	9.66526699066162
0	3	R2	0.9918302297592164	0.9915021657943726	0.9913313984870912	0.990891933441162	0.983326256275177	0.9809893369674684	0.9809219241142272	0.8592764139175415
0	3	LOSS	0.0005382634699344	0.0069670677185058	0.0005382634699344	0.0069670677185058	0.0005382634699344	0.0069670677185058	0.0005382634699344	0.0069670677185058
0	4	MAE	0.3518201112747192	0.3821433782577514	0.2870457768440246	0.312468945980072	1.5793365240097046	1.9357728958129885	2.782299995422364	9.571556091308594
0	4	MSE	0.208605408668518	0.2481401264667511	0.1374694108963012	0.1601424813270568	4.145140171051025	7.156238555908203	14.519718170166016	270.2840576171875
0	4	MAPE	0.7445134520530701	0.8081004619598389	4.13524055480957	4.453207015991211	2.499832391738892	3.030494451522827	4.602078914642334	16.08474349975586
0	4	RMSE	0.4567334055900574	0.473729133605957	0.370768666267395	0.3828036487102508	2.035961627960205	2.312915802001953	3.810474634170532	10.808582305908203
0	4	R2	0.9902332425117492	0.9895249605178832	0.988639771938324	0.987752377986908	0.9802345037460328	0.9744096398353576	0.9783802628517152	0.8240146040916443
0	4	LOSS	0.0006303423433564	0.0089341355487704	0.0006303423433564	0.0089341355487704	0.0006303423433564	0.0089341355487704	0.0006303423433564	0.0089341355487704
1	0	MAE	0.3615931272506714	0.3830538988113403	0.2671473920345306	0.2814950942993164	1.4860173463821411	1.6425790786743164	3.011730432510376	6.729005813598633
1	0	MSE	0.2181767672300338	0.2390772998332977	0.1151041537523269	0.1308664977550506	3.684201002120972	4.71621561050415	15.32501983642578	127.9263916015625
1	0	MAPE	0.7628352642059326	0.8025697469711304	3.816917181015015	3.965941429138184	2.3557722568511963	2.584072589874268	5.017175197601318	11.325286865234377
1	0	RMSE	0.4670939445495605	0.4759590327739715	0.3392700254917145	0.3484380543231964	1.9194272756576536	2.024106502532959	3.914718389511109	7.769528388977051
1	0	R2	0.9899039268493652	0.9894261360168456	0.990411639213562	0.9898526668548584	0.98249351978302	0.9804014563560486	0.9764965772628784	0.9090654253959656
1	0	LOSS	0.0006044423789717	0.0043301084078848	0.0006044423789717	0.0043301084078848	0.0006044423789717	0.0043301084078848	0.0006044423789717	0.0043301084078848
1	1	MAE	0.496005654335022	0.5704218745231628	0.4085814356803894	0.4792836606502533	1.8790011405944824	7.302921295166016	3.563906669616699	17.973800659179688
1	1	MSE	0.3991553485393524	0.536004900932312	0.2609734237194061	0.3729506134986877	7.398983001708984	138.92816162109375	23.03605461120605	797.7152709960938
1	1	MAPE	1.0470876693725586	1.1981136798858645	5.580627918243408	6.42519474029541	3.0436830520629883	11.637369155883787	5.6349968910217285	28.43165397644043
1	1	RMSE	0.6317874193191528	0.6737174391746521	0.5108555555343628	0.5529595613479614	2.720107078552246	7.746654510498047	4.799588680267334	18.24575996398925
1	1	R2	0.9815291166305542	0.9788139462471008	0.9782604575157166	0.9744443297386168	0.9648417234420776	0.7129315137863159	0.9646704196929932	0.4985082745552063
1	1	LOSS	0.0009962989715859	0.038489356637001	0.0009962989715859	0.038489356637001	0.0009962989715859	0.038489356637001	0.0009962989715859	0.038489356637001
1	2	MAE	0.3444424867630005	0.3616920709609985	0.2608812749385834	0.2814503908157348	1.3658028841018677	1.5220861434936523	2.8930084705352783	7.735622882843018
1	2	MSE	0.1924332231283188	0.2160399407148361	0.1143358722329139	0.1314714103937149	3.048042058944702	3.8858566284179688	14.3968505859375	165.15391540527344
1	2	MAPE	0.7261030077934265	0.75795978307724	3.795384168624878	4.000635623931885	2.180666446685791	2.412961959838867	4.7179131507873535	13.262852668762209
1	2	RMSE	0.438672125339508	0.4493060410022735	0.3381358683109283	0.3481236696243286	1.7458642721176147	1.839339017868042	3.794318199157715	8.64289665222168
1	2	R2	0.9910951852798462	0.990577220916748	0.990475594997406	0.9898709654808044	0.9855164289474488	0.9838162064552308	0.9779200553894044	0.8874725103378296
1	2	LOSS	0.000548867508769	0.0054081352427601	0.000548867508769	0.0054081352427601	0.000548867508769	0.0054081352427601	0.000548867508769	0.0054081352427601
1	3	MAE	0.3512085676193237	0.3831669092178345	0.2711842954158783	0.2970229685306549	1.4862293004989624	1.7021551132202148	2.8408944606781006	10.07170581817627
1	3	MSE	0.2024303078651428	0.236850619316101	0.1208704188466072	0.1463403552770614	3.607072114944458	5.052309989929199	17.257726669311523	301.5632629394531
1	3	MAPE	0.7383942604064941	0.8019028306007385	3.8397603034973145	4.1504669189453125	2.381733655929565	2.697296142578125	4.702483654022217	17.759010314941406
1	3	RMSE	0.4499225616455078	0.4649714231491089	0.3476642370223999	0.3620198667049408	1.8992292881011963	2.0457680225372314	4.154242038726807	11.444645881652832
1	3	R2	0.9906325340270996	0.9899086952209472	0.9899312853813172	0.9890462160110474	0.982860028743744	0.9799797534942628	0.9735324382781982	0.8026920557022095
1	3	LOSS	0.0006348571041598	0.0096448985859751	0.0006348571041598	0.0096448985859751	0.0006348571041598	0.0096448985859751	0.0006348571041598	0.0096448985859751
1	4	MAE	0.3128076195716858	0.3367562890052795	0.2391077876091003	0.2600516974925995	1.3509575128555298	1.5472674369812012	2.001093864440918	9.05845832824707
1	4	MSE	0.1620057821273803	0.1847000569105148	0.0968789085745811	0.111609861254692	3.011395215988159	4.04478645324707	7.861919403076172	250.72320556640625
1	4	MAPE	0.6611409783363342	0.707269549369812	3.438951015472412	3.6893138885498047	2.177685022354126	2.467010974884033	3.189651727676392	15.966992378234863
1	4	RMSE	0.4024994075298309	0.4136224091053009	0.3112537562847137	0.3205796182155609	1.7353371381759644	1.850608468055725	2.8039114475250244	10.247264862060549
1	4	R2	0.9925032258033752	0.992014467716217	0.991929829120636	0.9914104342460632	0.9856905341148376	0.9836172461509703	0.9879424571990968	0.8418184518814087
1	4	LOSS	0.0004126553249079	0.0081337923184037	0.0004126553249079	0.0081337923184037	0.0004126553249079	0.0081337923184037	0.0004126553249079	0.0081337923184037
2	0	MAE	0.3462086915969848	0.3724080920219421	0.2760181427001953	0.2900674343109131	1.764082670211792	2.061124563217163	3.156809091567993	9.226926803588867
2	0	MSE	0.1948142200708389	0.2252047061920166	0.1243563741445541	0.137266606092453	5.169337272644043	7.603512287139893	17.57804298400879	229.538314819336
2	0	MAPE	0.7297444343566895	0.7858741283416748	3.960701942443848	4.192160606384277	2.784423828125	3.227336883544922	5.186444282531738	15.880035400390623
2	0	RMSE	0.4413776397705078	0.4549400210380554	0.3526419997215271	0.3598895370960235	2.273617744445801	2.478508949279785	4.192617416381836	10.11741828918457
2	0	R2	0.9908645153045654	0.9903395175933838	0.9896398186683656	0.9891747236251832	0.9751194715499878	0.9706141352653505	0.9734453558921814	0.8458020687103271
2	0	LOSS	0.0006835300009697	0.0075824353843927	0.0006835300009697	0.0075824353843927	0.0006835300009697	0.0075824353843927	0.0006835300009697	0.0075824353843927
2	1	MAE	0.3578398823738098	0.3802738189697265	0.2460831403732299	0.2689619660377502	1.4115896224975586	1.6151907444000244	2.6601779460906982	9.431724548339844
2	1	MSE	0.2090120911598205	0.2344838827848434	0.1020855605602264	0.1172340810298919	3.464759111404419	4.562321662902832	13.262311935424805	252.7931060791016
2	1	MAPE	0.7508246898651123	0.8001907467842102	3.499833106994629	3.8191773891448975	2.238165855407715	2.552886486053467	4.38300895690918	16.449533462524414
2	1	RMSE	0.457178384065628	0.4681888520717621	0.3195083141326904	0.3288540244102478	1.8613862991333008	1.9757996797561648	3.641745567321777	10.443880081176758
2	1	R2	0.9901987314224244	0.98976868391037	0.9914951920509338	0.9909613132476808	0.9833238124847412	0.9813257455825806	0.9799650311470032	0.8356903791427612
2	1	LOSS	0.0005431119934655	0.0081683890894055	0.0005431119934655	0.0081683890894055	0.0005431119934655	0.0081683890894055	0.0005431119934655	0.0081683890894055
2	2	MAE	0.3501624166965484	0.3818073868751526	0.2508164644241333	0.2689378261566162	1.4391545057296753	1.640526533126831	2.2952799797058105	9.120257377624512
2	2	MSE	0.2043155133724212	0.2452980577945709	0.1088912561535835	0.1253018230199813	3.4537997245788574	4.573449611663818	9.887638092041016	254.84487915039065
2	2	MAPE	0.7356734871864319	0.8055586218833923	3.6329989433288574	3.859955072402954	2.3085856437683105	2.6337151527404785	3.664321184158325	16.034631729125977
2	2	RMSE	0.4520127475261688	0.4697962403297424	0.3299867510795593	0.3397873938083648	1.8584401607513428	1.975261926651001	3.1444613933563232	10.38607406616211
2	2	R2	0.9904189705848694	0.98969829082489	0.9909282326698304	0.990350306034088	0.9833765625953674	0.9813359379768372	0.9850630164146424	0.8375042676925659
2	2	LOSS	0.0005157813429832	0.0082922549918293	0.0005157813429832	0.0082922549918293	0.0005157813429832	0.0082922549918293	0.0005157813429832	0.0082922549918293
2	3	MAE	0.3498440086841583	0.3729270696640014	0.2172220945358276	0.2373100072145462	1.4126712083816528	1.625554442405701	2.447007179260254	8.529287338256836
2	3	MSE	0.2016552686691284	0.2288126498460769	0.0787470787763595	0.0940868407487869	3.4498040676116943	4.557214736938477	11.124585151672363	209.5729522705078
2	3	MAPE	0.7365655303001404	0.786170482635498	3.1088569164276123	3.380413055419922	2.234621047973633	2.563705921173096	4.021000862121582	15.04994773864746
2	3	RMSE	0.4490604102611542	0.4609969854354858	0.2806190848350525	0.2913468480110168	1.8573647737503047	1.9730100631713867	3.33535385131836	9.513355255126951
2	3	R2	0.9905437231063844	0.9900805950164796	0.993439555168152	0.9929054975509644	0.9833957552909852	0.981378436088562	0.9831944108009338	0.8636652231216431
2	3	LOSS	0.000498175562825	0.0068428171798586	0.000498175562825	0.0068428171798586	0.000498175562825	0.0068428171798586	0.000498175562825	0.0068428171798586
2	4	MAE	0.3587994873523712	0.402468740940094	0.242395743727684	0.269073873758316	1.4462307691574097	1.773078680038452	1.949820756912232	9.402130126953123
2	4	MSE	0.2080864906311035	0.2626343965530395	0.1002874597907066	0.1235645860433578	3.5141844749450684	5.31466007232666	7.648405075073242	262.8841552734375
2	4	MAPE	0.7546190619468689	0.8491286635398865	3.41939377784729	3.759242534637451	2.328375101089477	2.83695125579834	3.177650213241577	16.508499145507812
2	4	RMSE	0.4561649858951568	0.4794847667217254	0.3166819512844085	0.3310563564300537	1.8746157884597776	2.0577597618103027	2.7655749320983887	10.475815773010254
2	4	R2	0.9902421236038208	0.9892690181732178	0.9916449785232544	0.9908398389816284	0.983085870742798	0.9797443151474	0.98844575881958	0.8346840143203735
2	4	LOSS	0.0004689172201324	0.0086432145908474	0.0004689172201324	0.0086432145908474	0.0004689172201324	0.0086432145908474	0.0004689172201324	0.0086432145908474
3	0	MAE	0.3475135862827301	0.3675060868263244	0.2503049075603485	0.2746850550174713	1.3825602531433103	1.6120816469192505	2.5097341537475586	8.057524681091309
3	0	MSE	0.1986059695482254	0.2205888032913208	0.1083476990461349	0.1243467107415199	3.2059755325317383	4.710225582122803	11.398677825927734	178.64541625976562
3	0	MAPE	0.7306052446365356	0.7715065479278564	3.5175600051879883	3.875138998031616	2.2009222507476807	2.4973835945129395	4.214608192443848	13.208765029907228
3	0	RMSE	0.4456523060798645	0.4554109275341034	0.3291621208190918	0.3387437164783478	1.7905237674713137	1.9513267278671265	3.376192808151245	8.848580360412598
3	0	R2	0.9907329082489014	0.990319550037384	0.9908205270767212	0.99040949344635	0.9846498370170592	0.981785535812378	0.9830495715141296	0.8820529580116272
3	0	LOSS	0.0005098617984913	0.0059201288968324	0.0005098617984913	0.0059201288968324	0.0005098617984913	0.0059201288968324	0.0005098617984913	0.0059201288968324
3	1	MAE	0.3539950847625732	0.3736550807952881	0.2682447135448456	0.2851775884628296	1.4488701820373535	1.615902543067932	3.473230361938477	7.215645790100098
3	1	MSE	0.2048731297254562	0.230312705039978	0.1192011833190918	0.1320613175630569	3.5351922512054443	4.530606269836426	19.36431884765625	136.40541076660156
3	1	MAPE	0.7495003342628479	0.788245439529419	3.8054819107055664	4.074247360229492	2.314441680908203	2.520194292068481	5.7480950355529785	11.708693504333496
3	1	RMSE	0.4526291191577911	0.4637337028980255	0.3452552258968353	0.3526262044906616	1.8802106380462649	1.983269572257996	4.400490760803223	8.13515567779541
3	1	R2	0.9904404282569884	0.9899624586105348	0.9899010062217712	0.989607274532318	0.983073592185974	0.9811843037605286	0.9712042808532716	0.9003053903579712
3	1	LOSS	0.0006480829906649	0.0044760024175047	0.0006480829906649	0.0044760024175047	0.0006480829906649	0.0044760024175047	0.0006480829906649	0.0044760024175047
3	2	MAE	0.4879812896251678	0.5391456484794617	0.353851169347763	0.4022679328918457	1.6675827503204346	7.049901008605957	3.335526943206787	17.389814376831055
3	2	MSE	0.3855390250682831	0.4721900820732116	0.2019688487052917	0.2661363482475281	5.849128246307373	134.4628448486328	31.16750907897949	732.2618408203125
3	2	MAPE	1.0346465110778809	1.1409475803375244	5.0021138191223145	5.769464492797852	2.8022611141204834	10.93504524230957	5.419892311096191	27.081676483154297
3	2	RMSE	0.6209179162979126	0.6482279300689697	0.4494094252586365	0.4771119654178619	2.418497085571289	7.5693206787109375	5.582786560058594	17.65234375
3	2	R2	0.9820104241371156	0.9803869724273682	0.9828887581825256	0.9809743165969848	0.9719944596290588	0.725924015045166	0.953652322292328	0.5305983424186707
3	2	LOSS	0.0010886379750445	0.035795871168375	0.0010886379750445	0.035795871168375	0.0010886379750445	0.035795871168375	0.0010886379750445	0.035795871168375
3	3	MAE	0.3527036607265472	0.3689268827438354	0.2470572143793106	0.2693503499031067	1.4862418174743652	1.712771773338318	3.220977544784546	9.18964958190918
3	3	MSE	0.2057061046361923	0.2301243245601654	0.1016720607876777	0.1178818047046661	3.715181350708008	5.2171549797058105	17.872087478637695	243.55343627929688
3	3	MAPE	0.7448363304138184	0.7766802310943604	3.5261471271514893	3.811423778533936	2.3691680431365967	2.6709847450256348	5.161092281341553	15.813728332519531
3	3	RMSE	0.4535483419895172	0.4641911089420318	0.3188605606555938	0.3288707137107849	1.9274805784225464	2.077491521835327	4.2275390625	10.39926052093506
3	3	R2	0.990401566028595	0.9899426698684692	0.9913861155509948	0.9909603595733644	0.9822117686271667	0.9793540239334106	0.9734233021736144	0.8370910882949829
3	3	LOSS	0.0006347555899992	0.007801913190633	0.0006347555899992	0.007801913190633	0.0006347555899992	0.007801913190633	0.0006347555899992	0.007801913190633
3	4	MAE	0.3270085155963897	0.3558082580566406	0.235685333609581	0.2552934288978576	1.481969118118286	1.7052550315856934	2.662660598754883	8.815563201904297
3	4	MSE	0.1762908399105072	0.2125658094882965	0.0933348685503006	0.1062106639146804	3.696664333343506	5.086264610290527	12.804632186889648	222.1361389160156
3	4	MAPE	0.6870695352554321	0.7459613084793091	3.3722445964813232	3.6423635482788086	2.380426406860352	2.665216445922852	4.259517192840576	14.63603401184082
3	4	RMSE	0.4198700189590454	0.4368075430393219	0.3055075407028198	0.3138234913349151	1.92267107963562	2.0621602535247803	3.5783560276031494	9.825336456298828
3	4	R2	0.9917741417884828	0.9910942912101746	0.992092490196228	0.9917686581611632	0.9823004603385924	0.9796575903892516	0.980958878993988	0.8545764684677124
3	4	LOSS	0.0004972510505467	0.0071690906770527	0.0004972510505467	0.0071690906770527	0.0004972510505467	0.0071690906770527	0.0004972510505467	0.0071690906770527
4	0	MAE	0.3710738122463226	0.3858197927474975	0.2747268676757812	0.2921547889709472	1.578841209411621	1.634115219116211	4.959775924682617	7.174667835235596
4	0	MSE	0.2198299467563629	0.235493928194046	0.120846003293991	0.1366959512233734	4.135043144226074	4.438499927520752	46.56682968139648	118.06532287597656
4	0	MAPE	0.7846812009811401	0.8184079527854919	3.8364346027374254	3.989269256591797	2.516265392303467	2.601020812988281	8.495451927185059	12.400121688842772
4	0	RMSE	0.4688602387905121	0.4754950404167175	0.3476291298866272	0.3566314280033111	2.033480405807495	2.063110589981079	6.823988914489746	8.669845581054688
4	0	R2	0.989720344543457	0.9894469976425172	0.989852011203766	0.989369809627533	0.9801541566848756	0.9796388745307922	0.9295601844787598	0.886769711971283
4	0	LOSS	0.0011250704992562	0.0034371942747384	0.0011250704992562	0.0034371942747384	0.0011250704992562	0.0034371942747384	0.0011250704992562	0.0034371942747384
4	1	MAE	0.3218199014663696	0.3427887558937073	0.2384780496358871	0.2614142596721649	1.4248456954956057	1.6056935787200928	2.660254001617432	8.644701957702637
4	1	MSE	0.174333855509758	0.1978076994419098	0.0962346270680427	0.1139834374189376	3.36688232421875	4.382842063903809	12.460049629211426	214.34686279296875
4	1	MAPE	0.6781306266784668	0.7254582643508911	3.4457664489746094	3.676676034927368	2.283267974853516	2.5678858757019043	4.355967044830322	14.5182523727417
4	1	RMSE	0.4175330400466919	0.4286296665668487	0.3102170526981354	0.3214562833309173	1.8349065780639648	1.9424896240234373	3.529879570007324	9.654779434204102
4	1	R2	0.9918478727340698	0.9914247393608092	0.9919187426567078	0.9913633465766908	0.9838408827781676	0.9819501638412476	0.9811521768569946	0.8595814108848572
4	1	LOSS	0.0005215562414377	0.0068704979494214	0.0005215562414377	0.0068704979494214	0.0005215562414377	0.0068704979494214	0.0005215562414377	0.0068704979494214
4	2	MAE	0.3156428337097168	0.3415414690971374	0.2258031070232391	0.247894749045372	1.3920679092407229	1.7732871770858765	1.9859411716461184	10.184662818908691
4	2	MSE	0.169695645570755	0.1950907260179519	0.0862962752580642	0.106815367937088	3.321041345596313	5.767551422119141	9.041851043701172	334.9911804199219
4	2	MAPE	0.6658859848976135	0.722425103187561	3.231955051422119	3.4839885234832764	2.2509143352508545	2.838152885437012	3.257789373397827	17.921092987060547
4	2	RMSE	0.4119413197040558	0.4240915775299072	0.2937622666358948	0.3074148893356323	1.8223724365234373	2.073558568954468	3.006967067718506	11.80769157409668
4	2	R2	0.9920647144317628	0.9916053414344788	0.9927533268928528	0.9921013712882996	0.9840608835220336	0.9794321656227112	0.9863227605819702	0.7899755239486694
4	2	LOSS	0.00046050111996	0.0108321765437722	0.00046050111996	0.0108321765437722	0.00046050111996	0.0108321765437722	0.00046050111996	0.0108321765437722
4	3	MAE	0.3397084474563598	0.3629339635372162	0.2676657438278198	0.2842013239860534	1.466812014579773	1.6041126251220703	3.2105724811553955	7.112760066986084
4	3	MSE	0.1893416196107864	0.2110170572996139	0.1224424764513969	0.1352595835924148	3.6335742473602295	4.31882381439209	17.24047088623047	132.39134216308594
4	3	MAPE	0.7160682678222656	0.7662878036499023	3.798471450805664	3.970731258392334	2.352015972137451	2.5625295639038086	5.227767467498779	11.358231544494627
4	3	RMSE	0.4351340234279632	0.4449851512908935	0.3499177992343902	0.3571684658527374	1.9061936140060425	1.9767837524414065	4.152164459228516	7.956181049346924
4	3	R2	0.9911460280418396	0.9907578229904176	0.989717960357666	0.9893378019332886	0.982560932636261	0.9813072085380554	0.973921000957489	0.904643714427948
4	3	LOSS	0.0006200274219736	0.0044312546961009	0.0006200274219736	0.0044312546961009	0.0006200274219736	0.0044312546961009	0.0006200274219736	0.0044312546961009
4	4	MAE	0.3720239400863647	0.4301114082336426	0.2620287239551544	0.2940429449081421	1.498307228088379	1.885564565658569	2.5137624740600586	9.41789436340332
4	4	MSE	0.2303282022476196	0.3122894167900085	0.1151089444756507	0.1491394937038421	3.861905574798584	6.771798133850098	11.798174858093262	262.3988952636719
4	4	MAPE	0.7869197726249695	0.912500262260437	3.701487064361572	4.078033447265625	2.408080101013184	2.9927892684936523	4.086675643920898	16.284645080566406
4	4	RMSE	0.4799251854419708	0.5129450559616089	0.3392770886421203	0.3587773144245147	1.9651731252670288	2.2418434619903564	3.434847116470337	10.584821701049805
4	4	R2	0.9892294406890868	0.9877192378044128	0.9903337955474854	0.9892415404319764	0.9814650416374208	0.9759582281112672	0.9821533560752868	0.8312254548072815
4	4	LOSS	0.0005835115443915	0.0087502524256706	0.0005835115443915	0.0087502524256706	0.0005835115443915	0.0087502524256706	0.0005835115443915	0.0087502524256706
