label		FOS_length	FOS_length	stem_distance	stem_distance	entrance_angle_wl	entrance_angle_wl	WL_starttan_gradient	WL_starttan_gradient
set		trainingset	testset	trainingset	testset	trainingset	testset	trainingset	testset
fold	pass								
0	0	0.000936051888857	0.0036544995382428	0.000936051888857	0.0036544995382428	0.000936051888857	0.0036544995382428	0.000936051888857	0.0036544995382428
0	1	0.0006742528057657	0.0083388863131403	0.0006742528057657	0.0083388863131403	0.0006742528057657	0.0083388863131403	0.0006742528057657	0.0083388863131403
0	2	0.000616701261606	0.0155940474942326	0.000616701261606	0.0155940474942326	0.000616701261606	0.0155940474942326	0.000616701261606	0.0155940474942326
0	3	0.0005382634699344	0.0069670677185058	0.0005382634699344	0.0069670677185058	0.0005382634699344	0.0069670677185058	0.0005382634699344	0.0069670677185058
0	4	0.0006303423433564	0.0089341355487704	0.0006303423433564	0.0089341355487704	0.0006303423433564	0.0089341355487704	0.0006303423433564	0.0089341355487704
1	0	0.0006044423789717	0.0043301084078848	0.0006044423789717	0.0043301084078848	0.0006044423789717	0.0043301084078848	0.0006044423789717	0.0043301084078848
1	1	0.0009962989715859	0.038489356637001	0.0009962989715859	0.038489356637001	0.0009962989715859	0.038489356637001	0.0009962989715859	0.038489356637001
1	2	0.000548867508769	0.0054081352427601	0.000548867508769	0.0054081352427601	0.000548867508769	0.0054081352427601	0.000548867508769	0.0054081352427601
1	3	0.0006348571041598	0.0096448985859751	0.0006348571041598	0.0096448985859751	0.0006348571041598	0.0096448985859751	0.0006348571041598	0.0096448985859751
1	4	0.0004126553249079	0.0081337923184037	0.0004126553249079	0.0081337923184037	0.0004126553249079	0.0081337923184037	0.0004126553249079	0.0081337923184037
2	0	0.0006835300009697	0.0075824353843927	0.0006835300009697	0.0075824353843927	0.0006835300009697	0.0075824353843927	0.0006835300009697	0.0075824353843927
2	1	0.0005431119934655	0.0081683890894055	0.0005431119934655	0.0081683890894055	0.0005431119934655	0.0081683890894055	0.0005431119934655	0.0081683890894055
2	2	0.0005157813429832	0.0082922549918293	0.0005157813429832	0.0082922549918293	0.0005157813429832	0.0082922549918293	0.0005157813429832	0.0082922549918293
2	3	0.000498175562825	0.0068428171798586	0.000498175562825	0.0068428171798586	0.000498175562825	0.0068428171798586	0.000498175562825	0.0068428171798586
2	4	0.0004689172201324	0.0086432145908474	0.0004689172201324	0.0086432145908474	0.0004689172201324	0.0086432145908474	0.0004689172201324	0.0086432145908474
3	0	0.0005098617984913	0.0059201288968324	0.0005098617984913	0.0059201288968324	0.0005098617984913	0.0059201288968324	0.0005098617984913	0.0059201288968324
3	1	0.0006480829906649	0.0044760024175047	0.0006480829906649	0.0044760024175047	0.0006480829906649	0.0044760024175047	0.0006480829906649	0.0044760024175047
3	2	0.0010886379750445	0.035795871168375	0.0010886379750445	0.035795871168375	0.0010886379750445	0.035795871168375	0.0010886379750445	0.035795871168375
3	3	0.0006347555899992	0.007801913190633	0.0006347555899992	0.007801913190633	0.0006347555899992	0.007801913190633	0.0006347555899992	0.007801913190633
3	4	0.0004972510505467	0.0071690906770527	0.0004972510505467	0.0071690906770527	0.0004972510505467	0.0071690906770527	0.0004972510505467	0.0071690906770527
4	0	0.0011250704992562	0.0034371942747384	0.0011250704992562	0.0034371942747384	0.0011250704992562	0.0034371942747384	0.0011250704992562	0.0034371942747384
4	1	0.0005215562414377	0.0068704979494214	0.0005215562414377	0.0068704979494214	0.0005215562414377	0.0068704979494214	0.0005215562414377	0.0068704979494214
4	2	0.00046050111996	0.0108321765437722	0.00046050111996	0.0108321765437722	0.00046050111996	0.0108321765437722	0.00046050111996	0.0108321765437722
4	3	0.0006200274219736	0.0044312546961009	0.0006200274219736	0.0044312546961009	0.0006200274219736	0.0044312546961009	0.0006200274219736	0.0044312546961009
4	4	0.0005835115443915	0.0087502524256706	0.0005835115443915	0.0087502524256706	0.0005835115443915	0.0087502524256706	0.0005835115443915	0.0087502524256706
